3
191 191 191		255 255 255		100 100 100		15 15		100 60
Quit
191 191 191		255 255 255		100 100 100		685 15		100 60
Help
191 191 191		255 255 255		100 100 100		330 505		140 80
Create

// Window is 800x600 px

// Unused Buttons
255 0 0		0 255 0		0 0 255		100 150		100 45
Button 4
191 191 191		255 255 255		100 100 100		100 250		100 45
Button 5
191 191 191		255 255 255		100 100 100		100 300		100 45
Button 6
191 191 191		255 255 255		100 100 100		100 350		100 45
Button 7
191 191 191		255 255 255		100 100 100		100 400		100 45
Button 8


//-----------------------File Structure-------------------------
num_buttons
static color(r,g,b)	hover color(r,g,b)	clicked color(r,g,b)	position(x,y)	size(w,h)
name